4451
5625
10055
10306
10400
10574
10628
10731
10864
11244
11253
11256
11435
11504
11523
11657
11908
11945
12096
12173
12195
12312
12818
13704
13730
13741
13940
14245
14368
14455
14467
14560
14565
14619
14696
14703
14821
15003
15178
15707
15971
16457
16541
16969
16972
17069
17715
17737
17778
18140
18196
18482
18562
18979
18988
19039
19208
19497
19902
20694
21604
21936
23499
23717
23816
24055
24101
24925
25292
25377
26345
27020
27025
27279
27851
28064
28750
29408
30099
31705
33750
33854
34138
34299
38080
38148
43354
45320
45568
46244
46279
46309
47143
47213
49528
50589
50893
52037
55868
56150
